June 23, 2021 | 02:09 PM || Powerball
6 30 33 53 67 20 
10 35 51 59 63 5 
5 43 44 50 60 23 
9 11 34 51 57 7 
30 33 58 60 63 22 

June 23, 2021 | 11:32 PM || Mega Millions
4 8 10 20 30 1 
5 12 21 37 52 13 
29 34 39 42 69 7 
8 13 26 30 36 14 
24 33 44 56 65 8 
3 4 25 43 59 18 
26 39 41 44 70 21 
4 15 16 20 35 5 
38 47 60 63 68 21 
1 2 26 62 67 21


June 23, 2021 | 11:53 PM || Mega Millions
11 25 35 61 70 25 
15 40 48 55 67 06 
31 41 53 63 70 14 
28 30 33 41 54 12 
09 16 22 55 68 06 


June 23, 2021 | 11:56 PM || Mega Millions
10 47 51 53 64 04 
09 10 11 21 41 17 
15 25 30 41 69 07 
12 52 53 62 64 23 
02 23 37 49 65 21 


June 24, 2021 | 12:01 AM || Cash 4 Life
04 28 45 48 55 02 
01 03 05 26 30 02 
11 12 28 41 53 03 
09 12 19 38 56 04 
17 23 48 51 54 03 


June 24, 2021 | 12:01 AM || Cash 4 Life
34 37 42 48 52 01 
21 41 43 48 56 01 
11 20 33 52 54 01 
04 35 41 54 59 01 
04 09 22 55 56 01 


June 24, 2021 | 12:01 AM || Cash 4 Life
12 18 20 42 53 01 
22 35 44 47 50 01 
16 17 44 52 53 02 
05 10 26 34 53 02 
01 31 41 47 52 02 


June 24, 2021 | 12:01 AM || Cash 4 Life
01 21 23 30 38 01 
10 13 37 41 47 01 
02 09 10 22 33 02 
15 34 45 48 55 04 
17 28 33 52 58 04 

